2 Living 10
3
0 1.800
1 0.398
2 0.490
3 0.505
4 0.598
5 0.633
6 0.725
7 0.802
8 0.860
9 0.918
10 1.033
11 1.098
12 1.142
13 1.195
14 1.360
15 1.388
16 1.523
17 1.613
18 1.715
19 1.840
20 1.895
21 1.935
22 2.088
23 2.115
24 2.260
25 2.255
26 2.368
27 2.460
28 2.565
29 2.703
30 2.680
31 2.913
32 2.935
33 3.080
34 3.247
35 3.272
36 3.258
37 3.358
38 3.388
39 3.600
40 3.598
41 3.733
42 3.733
43 3.865
44 3.923
45 4.023
46 4.153
47 4.310
48 4.348
49 4.410
3
0 1.800
1 0.413
2 0.520
3 0.610
4 0.630
5 0.745
6 0.880
7 0.940
8 1.003
9 1.048
10 1.110
11 1.203
12 1.223
13 1.383
14 1.343
15 1.485
16 1.610
17 1.745
18 1.808
19 1.883
20 1.935
21 2.075
22 2.045
23 2.205
24 2.268
25 2.333
26 2.438
27 2.460
28 2.435
29 2.640
30 2.635
31 2.798
32 2.898
33 2.968
34 2.965
35 3.075
36 3.190
37 3.247
38 3.378
39 3.392
40 3.478
41 3.495
42 3.585
43 3.743
44 3.848
45 3.905
46 3.930
47 4.083
48 4.090
49 4.145
