2 Living 10
3
0 1.800
1 0.402
2 0.460
3 0.483
4 0.573
5 0.708
6 0.735
7 0.873
8 0.868
9 0.955
10 1.030
11 1.105
12 1.235
13 1.298
14 1.343
15 1.353
16 1.535
17 1.618
18 1.733
19 1.762
20 1.828
21 1.922
22 2.008
23 2.085
24 2.165
25 2.298
26 2.313
27 2.488
28 2.480
29 2.540
30 2.540
31 2.690
32 2.825
33 2.843
34 3.003
35 2.995
36 3.048
37 3.208
38 3.220
39 3.350
40 3.380
41 3.445
42 3.453
43 3.653
44 3.658
45 3.745
46 3.905
47 4.050
48 4.073
49 4.123
3
0 1.800
1 0.443
2 0.550
3 0.553
4 0.645
5 0.743
6 0.800
7 0.895
8 0.938
9 1.010
10 1.055
11 1.243
12 1.328
13 1.450
14 1.610
15 1.665
16 1.698
17 1.895
18 1.895
19 1.925
20 2.093
21 2.043
22 2.170
23 2.240
24 2.333
25 2.305
26 2.370
27 2.450
28 2.580
29 2.605
30 2.658
31 2.738
32 2.820
33 2.905
34 2.938
35 3.038
36 3.048
37 3.148
38 3.195
39 3.218
40 3.398
41 3.428
42 3.480
43 3.573
44 3.665
45 3.788
46 3.868
47 3.993
48 3.938
49 3.997
3
0 0.270
1 0.153
2 0.155
3 0.153
4 0.183
5 0.202
6 0.260
7 0.273
8 0.295
9 0.368
10 0.370
11 0.450
12 0.478
13 0.518
14 0.575
15 0.610
16 0.683
17 0.728
18 0.770
19 0.850
20 0.833
21 0.928
22 0.948
23 1.045
24 1.048
25 1.080
26 1.203
27 1.183
28 1.320
29 1.248
30 1.313
31 1.368
32 1.415
33 1.505
34 1.500
35 1.550
36 1.660
37 1.735
38 1.783
39 1.803
40 1.883
41 1.968
42 1.968
43 2.083
44 2.140
45 2.215
46 2.248
47 2.380
48 2.395
49 2.538
