2 Radius 10
1
0 20.518
1 17.205
2 17.493
3 17.493
4 17.493
5 18.028
6 18.358
7 18.868
8 18.868
9 19.235
10 19.723
11 19.416
12 20.000
13 20.000
14 19.849
15 20.518
16 20.518
17 20.518
18 20.616
19 21.213
20 21.401
21 22.023
22 21.932
23 22.023
24 22.672
25 22.804
26 23.345
27 23.431
28 24.083
29 23.431
30 24.083
31 24.083
32 24.207
33 24.839
34 24.839
35 24.839
36 25.456
37 25.495
38 26.173
39 24.759
40 24.083
41 24.042
42 24.083
43 24.759
44 24.759
45 24.759
46 25.456
47 25.495
48 26.173
49 26.173
2
0 20.518
1 17.205
2 16.643
3 8.602
4 0.000
5 0.000
6 0.000
7 0.000
8 0.000
9 0.000
10 0.000
11 0.000
12 0.000
13 0.000
14 0.000
15 0.000
16 0.000
17 0.000
18 0.000
19 0.000
20 0.000
21 0.000
22 0.000
23 0.000
24 0.000
25 0.000
26 0.000
27 0.000
28 0.000
29 0.000
30 0.000
31 0.000
32 0.000
33 0.000
34 0.000
35 0.000
36 0.000
37 0.000
38 0.000
39 0.000
40 0.000
41 0.000
42 0.000
43 0.000
44 0.000
45 0.000
46 0.000
47 0.000
48 0.000
49 0.000
3
0 20.518
1 17.205
2 17.493
3 17.493
4 17.493
5 17.889
6 18.358
7 18.788
8 18.868
9 19.235
10 19.698
11 20.125
12 20.616
13 20.616
14 21.190
15 21.633
16 21.954
17 22.472
18 22.472
19 23.022
20 23.022
21 22.825
22 23.324
23 23.770
24 23.770
25 23.854
26 24.187
27 24.698
28 24.698
29 25.239
30 25.554
31 26.077
32 26.420
33 26.926
34 27.313
35 27.857
36 28.460
37 28.653
38 29.155
39 29.682
40 30.017
41 30.529
42 30.529
43 30.232
44 30.806
45 31.401
46 31.401
47 31.385
48 31.906
49 32.249
3
0 19.105
1 17.804
2 17.692
3 17.692
4 18.385
5 18.439
6 19.105
7 19.209
8 19.799
9 19.849
10 20.518
11 20.616
12 21.260
13 21.260
14 21.260
15 21.401
16 21.633
17 22.204
18 22.472
19 23.022
20 23.601
21 23.601
22 24.207
23 24.413
24 25.000
25 25.000
26 25.000
27 25.495
28 25.612
29 26.249
30 26.249
31 26.401
32 27.019
33 27.019
34 27.203
35 27.203
36 27.803
37 28.018
38 28.601
39 28.601
40 28.844
41 29.411
42 29.411
43 29.682
44 30.232
45 30.232
46 30.529
47 31.064
48 31.064
49 31.623
50 31.623
51 32.202
52 32.249
53 32.757
54 33.287
55 33.615
56 34.132
57 34.670
58 34.886
59 34.886
60 35.355
61 35.777
62 36.235
63 36.235
64 36.715
65 37.121
66 37.590
67 37.590
68 38.013
69 38.471
70 38.910
71 38.949
72 39.357
73 39.825
74 40.311
75 40.719
76 41.231
77 41.629
78 42.048
79 42.544
80 42.544
81 42.953
82 43.463
83 43.863
84 43.863
85 44.283
86 44.777
87 44.777
88 45.277
89 45.793
90 45.793
91 46.325
92 46.648
93 47.170
94 47.508
95 47.885
96 48.374
97 48.877
98 49.244
99 49.396
100 49.930
101 49.930
102 50.249
103 50.606
104 51.108
105 51.478
106 51.478
107 51.478
108 50.695
109 51.039
110 51.662
111 51.923
112 52.202
113 52.887
114 53.160
115 53.852
116 53.852
117 54.120
118 54.406
119 55.082
120 55.785
121 55.785
122 55.902
123 56.719
124 56.886
125 57.706
126 57.871
127 58.694
128 58.856
129 59.682
130 59.682
131 59.682
132 60.017
133 60.828
134 61.000
135 61.814
136 61.984
137 61.984
138 62.169
139 62.968
140 63.151
141 63.953
142 63.953
143 64.133
144 64.938
145 64.938
146 64.777
147 65.620
148 65.620
149 65.924
150 66.753
151 66.753
152 66.910
153 67.742
154 67.742
155 67.897
156 68.731
157 68.731
158 68.731
159 68.731
160 69.051
161 69.231
162 69.231
163 70.036
164 70.214
165 71.063
166 71.197
167 72.007
168 72.180
169 72.180
170 72.732
171 72.732
172 72.732
173 73.376
174 73.682
175 74.330
176 74.330
177 74.632
178 75.286
179 75.286
180 75.961
181 75.961
182 75.961
183 76.655
184 76.922
185 77.621
186 77.621
187 77.885
188 78.160
189 78.160
190 78.435
191 79.057
192 79.379
193 79.379
194 79.379
195 79.712
196 79.712
197 80.056
198 80.112
199 80.623
200 81.154
201 81.541
202 81.939
203 82.347
204 82.347
205 82.347
206 82.347
207 82.420
208 83.006
209 83.235
210 83.815
211 84.404
212 84.629
213 85.212
214 85.802
215 86.023
216 86.608
217 87.201
218 87.419
219 87.419
220 87.664
221 88.233
222 88.510
223 88.510
224 89.045
225 89.045
226 89.404
227 89.627
228 89.872
229 90.443
230 90.697
231 91.263
232 91.400
233 91.400
234 91.837
235 91.837
236 91.837
237 92.005
238 92.617
239 92.617
240 93.236
241 93.236
242 93.600
243 93.600
244 94.202
245 94.202
246 94.202
247 94.810
248 94.810
249 95.425
250 95.425
251 96.047
252 96.047
253 96.047
254 96.333
255 97.000
256 97.082
257 97.745
258 98.412
259 98.494
260 98.494
261 97.745
262 98.412
263 98.412
264 98.351
265 98.595
266 97.837
267 98.494
268 98.595
269 99.247
270 99.725
271 99.905
272 99.905
273 99.905
274 99.905
275 99.905
276 100.419
277 101.119
278 101.119
279 101.139
280 101.237
281 101.833
282 101.863
283 102.591
284 103.276
285 103.276
286 103.276
287 103.966
288 104.661
289 104.652
290 104.661
291 104.661
292 104.661
293 105.361
294 105.361
295 105.361
296 106.066
297 106.066
298 106.066
299 106.066
2
0 19.799
1 19.799
2 19.799
3 18.439
4 18.439
5 18.439
6 18.439
7 18.439
8 18.439
9 18.439
10 18.439
11 18.439
12 18.439
13 18.439
14 18.439
15 18.439
16 18.439
17 18.439
18 18.439
19 18.439
20 18.439
21 18.439
22 18.439
23 18.439
24 18.439
25 18.439
26 18.439
27 18.439
28 18.439
29 18.439
30 18.439
31 18.439
32 18.439
33 18.439
34 18.439
35 18.439
36 18.439
37 18.439
38 18.439
39 18.439
40 18.439
41 18.439
42 18.439
43 18.439
44 18.439
45 18.439
46 18.439
47 18.439
48 18.439
49 18.439
50 18.439
51 18.439
52 18.439
53 18.439
54 18.439
55 18.439
56 18.439
57 18.439
58 18.439
59 18.439
60 18.439
61 18.439
62 18.439
63 18.439
64 18.439
65 18.439
66 18.439
67 18.439
68 18.439
69 18.439
70 18.439
71 18.439
72 18.439
73 18.439
74 18.439
75 18.439
76 18.439
77 18.439
78 18.439
79 18.439
80 18.439
81 18.439
82 18.439
83 18.439
84 18.439
85 18.439
86 18.439
87 18.439
88 18.439
89 18.439
90 18.439
91 18.439
92 18.439
93 18.439
94 18.439
95 18.439
96 18.439
97 18.439
98 18.439
99 18.439
100 18.439
101 18.439
102 18.439
103 18.439
104 18.439
105 18.439
106 18.439
107 18.439
108 18.439
109 18.439
110 18.439
111 18.439
112 18.439
113 18.439
114 18.439
115 18.439
116 18.439
117 18.439
118 18.439
119 18.439
120 18.439
121 18.439
122 18.439
123 18.439
124 18.439
125 18.439
126 18.439
127 18.439
128 18.439
129 18.439
130 18.439
131 18.439
132 18.439
133 18.439
134 18.439
135 18.439
136 18.439
137 18.439
138 18.439
139 18.439
140 18.439
141 18.439
142 18.439
143 18.439
144 18.439
145 18.439
146 18.439
147 18.439
148 18.439
149 18.439
150 18.439
151 18.439
152 18.439
153 18.439
154 18.439
155 18.439
156 18.439
157 18.439
158 18.439
159 18.439
160 18.439
161 18.439
162 18.439
163 18.439
164 18.439
165 18.439
166 18.439
167 18.439
168 18.439
169 18.439
170 18.439
171 18.439
172 18.439
173 18.439
174 18.439
175 18.439
176 18.439
177 18.439
178 18.439
179 18.439
180 18.439
181 18.439
182 18.439
183 18.439
184 18.439
185 18.439
186 18.439
187 18.439
188 18.439
189 18.439
190 18.439
191 18.439
192 18.439
193 18.439
194 18.439
195 18.439
196 18.439
197 18.439
198 18.439
199 18.439
200 18.439
201 18.439
202 18.439
203 18.439
204 18.439
205 18.439
206 18.439
207 18.439
208 18.439
209 18.439
210 18.439
211 18.439
212 18.439
213 18.439
214 18.439
215 18.439
216 18.439
217 18.439
218 18.439
219 18.439
220 18.439
221 18.439
222 18.439
223 18.439
224 18.439
225 18.439
226 18.439
227 18.439
228 18.439
229 18.439
230 18.439
231 18.439
232 18.439
233 18.439
234 18.439
235 18.439
236 18.439
237 18.439
238 18.439
239 18.439
240 18.439
241 18.439
242 18.439
243 18.439
244 18.439
245 18.439
246 18.439
247 18.439
248 18.439
249 18.439
250 18.439
251 18.439
252 18.439
253 18.439
254 18.439
255 18.439
256 18.439
257 18.439
258 18.439
259 18.439
260 18.439
261 18.439
262 18.439
263 18.439
264 18.439
265 18.439
266 18.439
267 18.439
268 18.439
269 18.439
270 18.439
271 18.439
272 18.439
273 18.439
274 18.439
275 18.439
276 18.439
277 18.439
278 18.439
279 18.439
280 18.439
281 18.439
282 18.439
283 18.439
284 18.439
285 18.439
286 18.439
287 18.439
288 18.439
289 18.439
290 18.439
291 18.439
292 18.439
293 18.439
294 18.439
295 18.439
296 18.439
297 18.439
298 18.439
299 18.439
2
0 20.518
1 20.616
2 20.616
3 19.723
4 17.720
5 17.493
6 17.493
7 17.493
8 17.493
9 17.493
10 17.493
11 17.493
12 17.493
13 17.493
14 17.493
15 17.493
16 17.493
17 17.493
18 17.493
19 17.493
20 17.493
21 17.493
22 17.493
23 17.493
24 17.493
25 17.493
26 17.493
27 17.493
28 17.493
29 17.493
30 17.493
31 17.493
32 17.493
33 17.493
34 17.493
35 17.493
36 17.493
37 17.493
38 17.493
39 17.493
40 17.493
41 17.493
42 17.493
43 17.493
44 17.493
45 17.493
46 17.493
47 17.493
48 17.493
49 17.493
50 17.493
51 17.493
52 17.493
53 17.493
54 17.493
55 17.493
56 17.493
57 17.493
58 17.493
59 17.493
60 17.493
61 17.493
62 17.493
63 17.493
64 17.493
65 17.493
66 17.493
67 17.493
68 17.493
69 17.493
70 17.493
71 17.493
72 17.493
73 17.493
74 17.493
75 17.493
76 17.493
77 17.493
78 17.493
79 17.493
80 17.493
81 17.493
82 17.493
83 17.493
84 17.493
85 17.493
86 17.493
87 17.493
88 17.493
89 17.493
90 17.493
91 17.493
92 17.493
93 17.493
94 17.493
95 17.493
96 17.493
97 17.493
98 17.493
99 17.493
100 17.493
101 17.493
102 17.493
103 17.493
104 17.493
105 17.493
106 17.493
107 17.493
108 17.493
109 17.493
110 17.493
111 17.493
112 17.493
113 17.493
114 17.493
115 17.493
116 17.493
117 17.493
118 17.493
119 17.493
120 17.493
121 17.493
122 17.493
123 17.493
124 17.493
125 17.493
126 17.493
127 17.493
128 17.493
129 17.493
130 17.493
131 17.493
132 17.493
133 17.493
134 17.493
135 17.493
136 17.493
137 17.493
138 17.493
139 17.493
140 17.493
141 17.493
142 17.493
143 17.493
144 17.493
145 17.493
146 17.493
147 17.493
148 17.493
149 17.493
150 17.493
151 17.493
152 17.493
153 17.493
154 17.493
155 17.493
156 17.493
157 17.493
158 17.493
159 17.493
160 17.493
161 17.493
162 17.493
163 17.493
164 17.493
165 17.493
166 17.493
167 17.493
168 17.493
169 17.493
170 17.493
171 17.493
172 17.493
173 17.493
174 17.493
175 17.493
176 17.493
177 17.493
178 17.493
179 17.493
180 17.493
181 17.493
182 17.493
183 17.493
184 17.493
185 17.493
186 17.493
187 17.493
188 17.493
189 17.493
190 17.493
191 17.493
192 17.493
193 17.493
194 17.493
195 17.493
196 17.493
197 17.493
198 17.493
199 17.493
200 17.493
201 17.493
202 17.493
203 17.493
204 17.493
205 17.493
206 17.493
207 17.493
208 17.493
209 17.493
210 17.493
211 17.493
212 17.493
213 17.493
214 17.493
215 17.493
216 17.493
217 17.493
218 17.493
219 17.493
220 17.493
221 17.493
222 17.493
223 17.493
224 17.493
225 17.493
226 17.493
227 17.493
228 17.493
229 17.493
230 17.493
231 17.493
232 17.493
233 17.493
234 17.493
235 17.493
236 17.493
237 17.493
238 17.493
239 17.493
240 17.493
241 17.493
242 17.493
243 17.493
244 17.493
245 17.493
246 17.493
247 17.493
248 17.493
249 17.493
250 17.493
251 17.493
252 17.493
253 17.493
254 17.493
255 17.493
256 17.493
257 17.493
258 17.493
259 17.493
260 17.493
261 17.493
262 17.493
263 17.493
264 17.493
265 17.493
266 17.493
267 17.493
268 17.493
269 17.493
270 17.493
271 17.493
272 17.493
273 17.493
274 17.493
275 17.493
276 17.493
277 17.493
278 17.493
279 17.493
280 17.493
281 17.493
282 17.493
283 17.493
284 17.493
285 17.493
286 17.493
287 17.493
288 17.493
289 17.493
290 17.493
291 17.493
292 17.493
293 17.493
294 17.493
295 17.493
296 17.493
297 17.493
298 17.493
299 17.493
2
0 21.213
1 21.260
2 21.401
3 21.633
4 21.471
5 21.471
6 21.932
7 22.472
8 23.087
9 23.770
10 24.331
11 25.179
12 25.179
13 25.179
14 25.179
15 25.179
16 25.179
17 25.179
18 25.179
19 25.179
20 25.179
21 25.179
22 25.179
23 25.179
24 25.179
25 25.179
26 25.179
27 25.179
28 25.179
29 25.179
30 25.179
31 25.179
32 25.179
33 25.179
34 25.179
35 25.179
36 25.179
37 25.179
38 25.179
39 25.179
40 25.179
41 25.179
42 25.179
43 25.179
44 25.179
45 25.179
46 25.179
47 25.179
48 25.179
49 25.179
50 25.179
51 25.179
52 25.179
53 25.179
54 25.179
55 25.179
56 25.179
57 25.179
58 25.179
59 25.179
60 25.179
61 25.179
62 25.179
63 25.179
64 25.179
65 25.179
66 25.179
67 25.179
68 25.179
69 25.179
70 25.179
71 25.179
72 25.179
73 25.179
74 25.179
75 25.179
76 25.179
77 25.179
78 25.179
79 25.179
80 25.179
81 25.179
82 25.179
83 25.179
84 25.179
85 25.179
86 25.179
87 25.179
88 25.179
89 25.179
90 25.179
91 25.179
92 25.179
93 25.179
94 25.179
95 25.179
96 25.179
97 25.179
98 25.179
99 25.179
100 25.179
101 25.179
102 25.179
103 25.179
104 25.179
105 25.179
106 25.179
107 25.179
108 25.179
109 25.179
110 25.179
111 25.179
112 25.179
113 25.179
114 25.179
115 25.179
116 25.179
117 25.179
118 25.179
119 25.179
120 25.179
121 25.179
122 25.179
123 25.179
124 25.179
125 25.179
126 25.179
127 25.179
128 25.179
129 25.179
130 25.179
131 25.179
132 25.179
133 25.179
134 25.179
135 25.179
136 25.179
137 25.179
138 25.179
139 25.179
140 25.179
141 25.179
142 25.179
143 25.179
144 25.179
145 25.179
146 25.179
147 25.179
148 25.179
149 25.179
150 25.179
151 25.179
152 25.179
153 25.179
154 25.179
155 25.179
156 25.179
157 25.179
158 25.179
159 25.179
160 25.179
161 25.179
162 25.179
163 25.179
164 25.179
165 25.179
166 25.179
167 25.179
168 25.179
169 25.179
170 25.179
171 25.179
172 25.179
173 25.179
174 25.179
175 25.179
176 25.179
177 25.179
178 25.179
179 25.179
180 25.179
181 25.179
182 25.179
183 25.179
184 25.179
185 25.179
186 25.179
187 25.179
188 25.179
189 25.179
190 25.179
191 25.179
192 25.179
193 25.179
194 25.179
195 25.179
196 25.179
197 25.179
198 25.179
199 25.179
200 25.179
201 25.179
202 25.179
203 25.179
204 25.179
205 25.179
206 25.179
207 25.179
208 25.179
209 25.179
210 25.179
211 25.179
212 25.179
213 25.179
214 25.179
215 25.179
216 25.179
217 25.179
218 25.179
219 25.179
220 25.179
221 25.179
222 25.179
223 25.179
224 25.179
225 25.179
226 25.179
227 25.179
228 25.179
229 25.179
230 25.179
231 25.179
232 25.179
233 25.179
234 25.179
235 25.179
236 25.179
237 25.179
238 25.179
239 25.179
240 25.179
241 25.179
242 25.179
243 25.179
244 25.179
245 25.179
246 25.179
247 25.179
248 25.179
249 25.179
250 25.179
251 25.179
252 25.179
253 25.179
254 25.179
255 25.179
256 25.179
257 25.179
258 25.179
259 25.179
260 25.179
261 25.179
262 25.179
263 25.179
264 25.179
265 25.179
266 25.179
267 25.179
268 25.179
269 25.179
270 25.179
271 25.179
272 25.179
273 25.179
274 25.179
275 25.179
276 25.179
277 25.179
278 25.179
279 25.179
280 25.179
281 25.179
282 25.179
283 25.179
284 25.179
285 25.179
286 25.179
287 25.179
288 25.179
289 25.179
290 25.179
291 25.179
292 25.179
293 25.179
294 25.179
295 25.179
296 25.179
297 25.179
298 25.179
299 25.179
2
0 21.213
1 21.260
2 21.401
3 21.633
4 21.954
5 22.361
6 22.847
7 22.472
8 22.847
9 23.537
10 24.331
11 25.179
12 25.318
13 26.077
14 26.173
15 26.077
16 26.173
17 26.077
18 26.173
19 26.019
20 26.173
21 26.173
22 26.173
23 26.173
24 26.173
25 26.173
26 26.077
27 26.173
28 26.077
29 26.173
30 26.173
31 26.173
32 26.173
33 26.173
34 26.173
35 26.173
36 26.173
37 26.173
38 26.173
39 26.306
40 26.173
41 27.074
42 27.000
43 27.074
44 27.000
45 27.074
46 27.074
47 27.166
48 27.074
49 27.166
50 28.018
51 28.018
52 28.071
53 28.160
54 28.071
55 28.071
56 28.071
57 28.160
58 28.071
59 28.160
60 28.071
61 28.160
62 28.071
63 29.017
64 29.069
65 29.017
66 29.069
67 29.017
68 29.069
69 29.017
70 29.069
71 29.017
72 29.069
73 29.017
74 29.069
75 29.017
76 29.069
77 29.017
78 29.069
79 29.017
80 29.069
81 29.017
82 29.069
83 29.017
84 29.069
85 29.017
86 29.069
87 29.017
88 29.069
89 29.017
90 29.069
91 29.017
92 29.069
93 29.017
94 29.069
95 29.017
96 29.069
97 29.017
98 29.069
99 29.017
100 29.069
101 29.017
102 29.069
103 29.017
104 29.069
105 29.017
106 29.069
107 29.017
108 29.069
109 29.017
110 29.069
111 29.017
112 29.069
113 29.000
114 29.017
115 29.000
116 29.017
117 29.000
118 29.017
119 29.000
120 29.017
121 29.069
122 29.155
123 29.069
124 29.155
125 29.069
126 29.155
127 29.069
128 29.155
129 29.069
130 29.155
131 29.069
132 29.155
133 29.069
134 29.155
135 29.069
136 29.155
137 29.069
138 29.155
139 29.069
140 29.155
141 29.069
142 29.155
143 29.069
144 29.155
145 29.069
146 29.155
147 29.069
148 29.155
149 29.069
150 29.155
151 29.069
152 29.155
153 29.069
154 29.155
155 29.069
156 29.155
157 29.069
158 29.155
159 29.069
160 29.155
161 29.069
162 29.155
163 29.069
164 29.155
165 29.069
166 29.155
167 29.069
168 29.155
169 29.069
170 29.155
171 29.069
172 29.155
173 29.069
174 29.155
175 29.069
176 29.155
177 29.069
178 29.155
179 29.069
180 29.155
181 29.069
182 29.155
183 29.069
184 29.155
185 29.069
186 29.155
187 29.069
188 29.155
189 29.069
190 29.155
191 29.069
192 29.155
193 29.069
194 29.155
195 29.069
196 29.155
197 29.069
198 29.155
199 29.069
200 29.155
201 29.069
202 29.155
203 29.069
204 29.155
205 29.069
206 29.155
207 29.069
208 29.155
209 29.069
210 29.155
211 29.069
212 29.155
213 29.069
214 29.155
215 29.069
216 29.155
217 29.069
218 29.155
219 29.069
220 29.155
221 29.069
222 29.155
223 29.069
224 29.155
225 29.069
226 29.155
227 29.069
228 29.155
229 29.069
230 29.155
231 29.069
232 29.155
233 29.069
234 29.155
235 29.069
236 29.155
237 29.069
238 29.155
239 29.069
240 29.155
241 29.069
242 29.155
243 29.069
244 29.155
245 29.069
246 29.155
247 29.069
248 29.155
249 29.069
250 29.155
251 29.069
252 29.155
253 29.069
254 29.155
255 29.069
256 29.155
257 29.069
258 29.155
259 29.069
260 29.155
261 29.069
262 29.155
263 29.069
264 29.155
265 29.069
266 29.155
267 29.069
268 29.155
269 29.069
270 29.155
271 29.069
272 29.155
273 29.069
274 29.155
275 29.069
276 29.155
277 29.069
278 29.155
279 29.069
280 29.155
281 29.069
282 29.155
283 29.069
284 29.155
285 29.069
286 29.155
287 29.069
288 29.155
289 29.069
290 29.155
291 29.069
292 29.155
293 29.069
294 29.155
295 29.069
296 29.155
297 29.069
298 29.155
299 29.069
2
0 20.518
1 20.518
2 20.616
3 20.616
4 20.809
5 21.095
6 20.809
7 21.095
8 20.809
9 21.095
10 21.471
11 21.095
12 21.471
13 21.095
14 21.471
15 21.095
16 21.471
17 21.213
18 21.471
19 21.587
20 21.471
21 21.587
22 21.541
23 21.587
24 21.840
25 22.136
26 22.472
27 23.087
28 23.195
29 23.087
30 23.195
31 24.083
32 24.187
33 25.080
34 25.000
35 25.080
36 25.020
37 25.080
38 25.020
39 25.080
40 25.000
41 25.020
42 25.000
43 25.020
44 25.000
45 25.020
46 25.000
47 25.020
48 25.000
49 25.020
50 25.000
51 25.020
52 25.000
53 25.020
54 25.000
55 25.020
56 25.080
57 25.020
58 25.080
59 25.020
60 25.080
61 25.020
62 25.080
63 25.020
64 25.080
65 25.020
66 25.080
67 25.020
68 25.080
69 25.020
70 25.080
71 25.020
72 25.080
73 25.020
74 25.080
75 25.020
76 25.080
77 25.020
78 25.080
79 25.020
80 25.080
81 25.020
82 25.080
83 25.020
84 25.080
85 25.020
86 25.179
87 25.020
88 25.179
89 25.020
90 25.179
91 25.020
92 25.179
93 25.020
94 25.179
95 25.020
96 25.179
97 25.020
98 25.179
99 25.020
100 25.179
101 25.020
102 25.179
103 25.020
104 25.179
105 25.020
106 25.179
107 25.020
108 25.179
109 25.020
110 25.179
111 25.020
112 25.179
113 25.020
114 25.179
115 25.020
116 25.179
117 25.020
118 25.179
119 25.020
120 25.179
121 25.020
122 25.179
123 25.020
124 25.179
125 25.020
126 25.179
127 25.020
128 25.179
129 25.020
130 25.179
131 25.020
132 25.179
133 25.020
134 25.179
135 25.020
136 25.179
137 25.020
138 25.179
139 25.020
140 25.179
141 25.020
142 25.179
143 25.020
144 25.179
145 25.020
146 25.179
147 25.020
148 25.179
149 25.020
150 25.179
151 25.020
152 25.179
153 25.020
154 25.179
155 25.020
156 25.179
157 25.020
158 25.179
159 25.020
160 25.179
161 25.020
162 25.179
163 25.020
164 25.179
165 25.020
166 25.179
167 25.020
168 25.179
169 25.020
170 25.179
171 25.020
172 25.179
173 25.020
174 25.179
175 25.020
176 25.179
177 25.020
178 25.179
179 25.020
180 25.179
181 25.020
182 25.179
183 25.020
184 25.179
185 25.020
186 25.179
187 25.020
188 25.179
189 25.020
190 25.179
191 25.020
192 25.179
193 25.020
194 25.179
195 25.020
196 25.179
197 25.020
198 25.179
199 25.020
200 25.179
201 25.020
202 25.179
203 25.020
204 25.179
205 25.020
206 25.179
207 25.020
208 25.179
209 25.020
210 25.179
211 25.020
212 25.179
213 25.020
214 25.179
215 25.020
216 25.179
217 25.020
218 25.179
219 25.020
220 25.179
221 25.020
222 25.179
223 25.020
224 25.179
225 25.020
226 25.179
227 25.020
228 25.179
229 25.020
230 25.179
231 25.020
232 25.179
233 25.020
234 25.179
235 25.020
236 25.179
237 25.020
238 25.179
239 25.020
240 25.179
241 25.020
242 25.179
243 25.020
244 25.179
245 25.020
246 25.179
247 25.020
248 25.179
249 25.020
250 25.179
251 25.020
252 25.179
253 25.020
254 25.179
255 25.020
256 25.179
257 25.020
258 25.179
259 25.020
260 25.179
261 25.020
262 25.179
263 25.020
264 25.179
265 25.020
266 25.179
267 25.020
268 25.179
269 25.020
270 25.179
271 25.020
272 25.179
273 25.020
274 25.179
275 25.020
276 25.179
277 25.020
278 25.179
279 25.020
280 25.179
281 25.020
282 25.179
283 25.020
284 25.179
285 25.020
286 25.179
287 25.020
288 25.179
289 25.020
290 25.179
291 25.020
292 25.179
293 25.020
294 25.179
295 25.020
296 25.179
297 25.020
298 25.179
299 25.020
2
0 20.518
1 20.000
2 19.849
3 20.518
4 20.616
5 20.809
6 20.616
7 20.809
8 20.616
9 20.809
10 20.616
11 20.809
12 20.616
13 20.809
14 20.616
15 20.809
16 20.616
17 20.809
18 20.616
19 20.809
20 20.616
21 20.809
22 21.095
23 20.809
24 21.378
25 21.471
26 22.091
27 22.204
28 23.087
29 23.000
30 23.087
31 23.022
32 23.087
33 24.021
34 24.021
35 24.083
36 24.021
37 24.083
38 25.020
39 25.080
40 25.020
41 25.080
42 26.019
43 26.019
44 26.019
45 26.019
46 26.077
47 26.173
48 26.077
49 26.173
50 26.077
51 26.173
52 26.306
53 26.173
54 26.306
55 26.476
56 26.306
57 26.476
58 26.306
59 26.476
60 26.306
61 26.476
62 26.306
63 26.476
64 26.306
65 26.476
66 26.306
67 26.476
68 26.306
69 26.476
70 26.306
71 26.476
72 26.306
73 26.476
74 26.306
75 26.476
76 26.306
77 26.476
78 26.306
79 26.476
80 26.306
81 26.476
82 26.306
83 26.476
84 26.306
85 26.476
86 26.306
87 26.476
88 26.306
89 26.476
90 26.306
91 26.476
92 26.306
93 26.476
94 26.306
95 26.476
96 26.306
97 26.476
98 26.306
99 26.476
100 26.306
101 26.476
102 26.306
103 26.476
104 26.306
105 26.476
106 26.306
107 26.476
108 26.306
109 26.476
110 26.306
111 26.476
112 26.306
113 27.019
114 27.074
115 27.166
116 27.295
117 27.166
118 27.295
119 27.166
120 27.295
121 27.166
122 27.295
123 27.166
124 27.295
125 27.166
126 27.295
127 27.166
128 27.295
129 27.166
130 27.295
131 27.166
132 27.295
133 27.166
134 27.295
135 27.166
136 27.295
137 27.166
138 27.295
139 27.166
140 27.295
141 27.166
142 27.295
143 27.166
144 27.295
145 27.166
146 27.295
147 27.166
148 27.295
149 27.166
150 27.295
151 27.166
152 27.295
153 27.166
154 27.295
155 27.166
156 27.295
157 27.166
158 27.295
159 27.166
160 27.295
161 27.166
162 27.295
163 27.166
164 27.295
165 27.166
166 27.295
167 27.166
168 27.295
169 27.166
170 27.295
171 27.166
172 27.295
173 27.166
174 27.295
175 27.166
176 27.295
177 27.166
178 27.295
179 27.166
180 27.295
181 27.166
182 27.295
183 27.166
184 27.295
185 27.166
186 27.295
187 27.166
188 27.295
189 27.166
190 27.295
191 27.166
192 27.295
193 27.166
194 27.295
195 27.166
196 27.295
197 27.166
198 27.295
199 27.166
200 27.295
201 27.166
202 27.295
203 27.166
204 27.295
205 27.166
206 27.295
207 27.166
208 27.295
209 27.166
210 27.295
211 27.166
212 27.295
213 27.166
214 27.295
215 27.166
216 27.295
217 27.166
218 27.295
219 27.166
220 27.295
221 27.166
222 27.295
223 27.166
224 27.295
225 27.166
226 27.295
227 27.166
228 27.295
229 27.166
230 27.295
231 27.166
232 27.295
233 27.166
234 27.295
235 27.166
236 27.295
237 27.166
238 27.295
239 27.166
240 27.295
241 27.166
242 27.295
243 27.166
244 27.295
245 27.166
246 27.295
247 27.166
248 27.295
249 27.166
250 27.295
251 27.166
252 27.295
253 27.166
254 27.295
255 27.166
256 27.295
257 27.166
258 27.295
259 27.166
260 27.295
261 27.166
262 27.295
263 27.166
264 27.295
265 27.166
266 27.295
267 27.166
268 27.295
269 27.166
270 27.295
271 27.166
272 27.295
273 27.166
274 27.295
275 27.166
276 27.295
277 27.166
278 27.295
279 27.166
280 27.295
281 27.166
282 27.295
283 27.166
284 27.295
285 27.166
286 27.295
287 27.166
288 27.295
289 27.166
290 27.295
291 27.166
292 27.295
293 27.166
294 27.295
295 27.166
296 27.295
297 27.166
298 27.295
299 27.166
3
0 20.518
1 19.849
2 20.000
3 20.616
4 20.616
5 21.260
6 21.401
7 22.023
8 22.672
9 22.672
10 23.345
11 23.431
12 23.601
13 23.854
14 24.413
15 24.698
16 25.000
17 25.239
18 25.807
19 25.807
20 25.807
21 26.077
22 26.627
23 26.926
24 27.459
25 27.459
26 27.803
27 28.018
28 28.601
29 28.844
30 29.206
31 29.411
32 30.000
33 30.000
34 30.610
35 30.806
36 31.401
37 31.623
38 32.202
39 32.802
40 32.802
41 33.422
42 33.601
43 33.601
44 34.059
45 34.205
46 34.828
47 34.986
48 35.511
49 35.847
50 36.359
51 36.892
52 36.892
53 37.443
54 38.013
55 38.275
56 38.833
57 38.833
58 38.833
59 39.408
60 40.000
61 40.000
62 40.497
63 40.817
64 41.340
65 41.340
66 41.340
67 41.340
68 41.340
69 41.617
70 42.059
71 42.485
72 42.942
73 43.417
74 43.909
75 44.418
76 44.777
77 45.277
78 45.651
79 46.141
80 46.141
81 46.141
82 46.325
83 46.648
84 47.170
85 47.170
86 47.707
87 48.021
88 48.549
89 49.092
90 49.396
91 49.930
92 50.478
93 50.606
94 51.108
95 51.313
96 51.865
97 52.431
98 52.697
99 53.254
100 53.254
101 53.339
102 53.852
103 54.203
104 54.203
105 54.203
106 54.589
107 55.073
108 55.444
109 55.606
110 55.803
111 56.400
112 56.400
113 57.009
114 57.201
115 57.801
116 58.009
117 58.600
118 58.600
119 59.203
120 59.203
121 59.034
122 59.076
123 59.666
124 60.000
125 60.605
126 60.828
127 60.959
128 61.522
129 61.587
130 62.129
131 62.129
132 62.682
133 62.968
134 63.514
135 63.812
136 64.351
137 64.661
138 65.192
139 65.734
140 66.287
141 66.611
142 66.851
143 67.424
144 67.424
145 68.007
146 68.242
147 68.819
148 69.405
149 69.405
150 70.000
151 70.000
152 70.605
153 70.803
154 71.400
155 71.610
156 72.201
157 72.801
158 72.801
159 73.410
160 73.600
161 74.202
162 74.813
163 74.813
164 75.432
165 75.432
166 76.059
167 76.059
168 76.059
169 76.538
170 76.538
171 77.026
172 77.524
173 78.032
174 78.549
175 78.892
176 79.404
177 79.404
178 79.404
179 79.649
180 80.131
181 80.623
182 80.623
183 81.123
184 81.492
185 81.988
186 82.134
187 82.807
188 82.879
189 83.546
190 83.546
191 84.220
192 84.291
193 84.959
194 85.041
195 85.041
196 85.446
197 86.023
198 86.267
199 86.839
200 87.419
201 87.658
202 88.233
203 88.814
204 88.814
205 88.482
206 88.752
207 88.752
208 89.045
209 89.588
210 89.588
211 89.588
212 89.404
213 90.000
214 90.211
215 90.521
216 90.697
217 91.241
218 91.679
219 91.679
220 91.924
221 91.935
222 92.634
223 92.801
224 93.005
225 93.600
226 94.202
227 94.202
228 94.810
229 94.810
230 95.425
231 95.425
232 96.047
233 96.047
234 96.333
235 96.675
236 97.309
237 97.309
238 97.949
239 97.949
240 98.412
241 98.412
242 99.086
243 99.156
244 99.825
245 99.825
246 100.499
247 100.568
248 101.237
249 101.237
250 101.912
251 101.912
252 102.591
253 102.591
254 102.591
255 103.247
256 103.247
257 103.247
258 103.947
259 104.652
260 104.661
261 105.361
262 105.361
263 106.066
264 106.066
265 106.066
266 105.361
267 105.361
268 105.361
269 106.066
270 106.066
271 106.066
272 105.361
273 105.361
274 105.361
275 105.361
276 105.361
277 105.361
278 105.361
279 105.361
280 105.361
281 105.361
282 105.361
283 105.361
284 105.361
285 105.361
286 105.361
287 105.361
288 105.361
289 105.361
290 105.361
291 105.361
292 105.361
293 105.361
294 105.361
295 105.361
296 105.361
297 105.361
298 105.361
299 105.361
3
0 20.518
1 19.849
2 20.518
3 20.616
4 21.260
5 21.401
6 22.023
7 22.204
8 22.804
9 23.431
10 23.601
11 24.207
12 24.839
13 24.839
14 24.207
15 24.839
16 25.000
17 25.612
18 25.612
19 26.249
20 26.401
21 27.019
22 27.659
23 27.659
24 27.659
25 28.320
26 28.320
27 29.000
28 29.155
29 29.732
30 30.414
31 30.480
32 31.145
33 31.828
34 31.890
35 32.558
36 32.650
37 33.302
38 33.971
39 33.971
40 34.059
41 34.059
42 34.713
43 34.828
44 35.468
45 35.609
46 35.609
47 36.125
48 36.797
49 36.878
50 37.537
51 38.210
52 38.210
53 38.419
54 38.471
55 38.949
56 39.051
57 39.623
58 39.825
59 40.361
60 40.460
61 41.037
62 41.340
63 41.881
64 42.202
65 42.450
66 43.139
67 43.139
68 43.841
69 43.966
70 44.553
71 44.922
72 45.277
73 45.343
74 45.967
75 46.011
76 46.690
77 46.690
78 47.381
79 47.424
80 48.104
81 48.795
82 48.836
83 49.518
84 50.210
85 50.210
86 49.092
87 49.518
88 49.930
89 50.249
90 50.931
91 51.624
92 51.662
93 52.345
94 52.402
95 53.075
96 53.075
97 53.151
98 53.814
99 53.814
100 53.814
101 53.907
102 54.562
103 55.172
104 55.317
105 55.317
106 55.973
107 56.080
108 56.727
109 56.727
110 57.385
111 57.489
112 58.138
113 58.796
114 59.464
115 59.464
116 60.141
117 60.828
118 60.877
119 61.555
120 61.717
121 61.717
122 62.370
123 62.482
124 63.127
125 63.253
126 63.891
127 64.537
128 64.661
129 65.299
130 65.947
131 65.947
132 66.603
133 66.708
134 67.357
135 67.357
136 67.476
137 67.476
138 68.118
139 68.250
140 68.768
141 69.426
142 69.426
143 69.527
144 69.656
145 70.292
146 70.434
147 70.838
148 71.063
149 71.701
150 72.346
151 72.471
152 73.110
153 73.756
154 73.878
155 74.518
156 75.166
157 75.166
158 75.822
159 75.928
160 76.577
161 76.577
162 76.577
163 76.694
164 76.837
165 77.466
166 77.466
167 77.987
168 78.102
169 78.746
170 78.746
171 79.310
172 79.398
173 79.649
174 79.981
175 80.056
176 80.156
177 80.808
178 80.920
179 81.056
180 81.688
181 82.329
182 82.329
183 82.976
184 82.976
185 83.630
186 83.738
187 84.386
188 84.386
189 85.041
190 85.147
191 85.796
192 86.452
193 86.556
194 87.207
195 87.864
196 87.966
197 88.617
198 88.617
199 89.275
200 89.275
201 89.275
202 89.275
203 89.588
204 89.939
205 90.139
206 89.939
207 90.609
208 90.697
209 91.351
210 91.351
211 92.022
212 92.098
213 92.763
214 93.434
215 93.509
216 94.175
217 94.847
218 94.921
219 95.588
220 95.671
221 96.333
222 97.000
223 97.000
224 97.673
225 97.745
226 98.412
227 99.086
228 99.086
229 99.156
230 99.825
231 99.905
232 100.568
233 100.568
234 100.568
235 101.237
236 101.237
237 101.912
238 101.912
239 101.912
240 101.912
241 101.863
242 101.178
243 101.833
244 101.912
245 102.591
246 103.276
247 103.276
248 103.276
249 103.966
250 103.966
251 103.966
252 103.966
253 104.661
254 104.661
255 105.361
256 105.361
257 105.361
258 105.361
259 105.361
260 105.361
261 105.361
262 105.361
263 105.361
264 106.066
265 106.066
266 106.066
267 106.066
268 106.066
269 106.066
270 106.066
271 106.066
272 106.066
273 106.066
274 106.066
275 106.066
276 106.066
277 106.066
278 106.066
279 106.066
280 106.066
281 106.066
282 106.066
283 106.066
284 106.066
285 106.066
286 106.066
287 106.066
288 106.066
289 106.066
290 106.066
291 106.066
292 106.066
293 106.066
294 106.066
295 106.066
296 106.066
297 106.066
298 106.066
299 106.066
3
0 20.518
1 20.616
2 21.260
3 21.401
4 22.023
5 22.204
6 22.804
7 22.825
8 23.324
9 23.770
10 24.515
11 25.318
12 25.495
13 26.306
14 26.476
15 26.476
16 26.476
17 27.295
18 27.459
19 27.659
20 28.443
21 28.636
22 28.636
23 28.862
24 29.614
25 29.833
26 30.594
27 30.806
28 30.806
29 31.048
30 31.780
31 32.016
32 32.757
33 32.985
34 33.734
35 33.734
36 33.956
37 34.713
38 34.713
39 34.713
40 35.171
41 35.440
42 35.735
43 36.401
44 36.688
45 37.363
46 37.643
47 38.328
48 39.051
49 39.294
50 40.025
51 40.025
52 40.792
53 41.000
54 41.231
55 41.976
56 42.202
57 42.202
58 42.202
59 42.450
60 43.174
61 43.417
62 44.147
63 44.204
64 44.407
65 45.000
66 45.706
67 46.530
68 46.530
69 46.400
70 47.074
71 47.854
72 48.052
73 48.836
74 48.836
75 48.836
76 49.041
77 49.041
78 49.204
79 49.729
80 50.448
81 51.196
82 51.196
83 51.245
84 51.971
85 52.631
86 52.887
87 53.600
88 53.600
89 53.600
90 53.852
91 54.571
92 54.571
93 54.571
94 54.571
95 54.571
96 54.818
97 55.543
98 55.785
99 56.515
100 56.515
101 56.886
102 57.280
103 57.567
104 58.241
105 58.241
106 58.523
107 58.523
108 59.135
109 59.464
110 59.464
111 60.083
112 60.729
113 61.400
114 61.685
115 61.984
116 62.642
117 62.642
118 62.626
119 62.626
120 62.298
121 62.626
122 62.968
123 63.569
124 63.906
125 64.514
126 64.846
127 65.192
128 65.788
129 66.129
130 66.731
131 66.731
132 67.067
133 66.731
134 66.851
135 67.067
136 67.417
137 67.417
138 67.779
139 68.352
140 68.819
141 69.289
142 69.642
143 70.007
144 70.576
145 70.937
146 71.512
147 71.868
148 71.868
149 72.450
150 72.450
151 72.801
152 72.801
153 73.110
154 73.239
155 73.661
156 73.661
157 74.007
158 74.518
159 75.166
160 75.166
161 75.822
162 75.895
163 76.485
164 76.577
165 77.233
166 77.233
167 77.897
168 77.897
169 77.897
170 78.006
171 78.645
172 79.310
173 79.404
174 79.981
175 80.056
176 80.112
177 80.660
178 81.025
179 81.541
180 81.541
181 82.073
182 82.292
183 82.347
184 82.765
185 82.855
186 83.217
187 83.217
188 83.648
189 84.077
190 84.534
191 84.119
192 84.599
193 85.475
194 85.475
195 85.959
196 86.452
197 86.452
198 86.452
199 86.608
200 87.464
201 87.983
202 87.983
203 88.510
204 88.510
205 88.617
206 88.730
207 89.376
208 89.499
209 90.028
210 90.272
211 90.907
212 90.907
213 90.907
214 91.049
215 91.679
216 92.315
217 92.455
218 93.086
219 93.723
220 93.723
221 94.366
222 94.366
223 94.493
224 95.131
225 95.131
226 95.776
227 95.901
228 96.540
229 96.540
230 97.185
231 97.309
232 97.949
233 97.949
234 98.595
235 98.595
236 99.247
237 99.247
238 99.156
239 99.247
240 99.905
241 99.905
242 99.905
243 99.905
244 100.568
245 101.237
246 101.237
247 101.912
248 101.912
249 101.863
250 101.863
251 101.912
252 101.912
253 102.552
254 102.591
255 103.276
256 103.276
257 103.966
258 103.966
259 104.661
260 104.661
261 105.361
262 106.066
263 106.066
264 106.066
265 106.066
266 106.066
267 106.066
268 106.066
269 106.066
270 104.661
271 104.661
272 105.361
273 106.066
274 105.361
275 105.361
276 105.361
277 105.361
278 105.361
279 105.361
280 105.361
281 105.361
282 105.361
283 104.661
284 105.361
285 105.361
286 105.361
287 105.361
288 105.361
289 105.361
290 105.361
291 105.361
292 105.361
293 105.361
294 105.361
295 105.361
296 105.361
297 105.361
298 105.361
299 105.361
3
0 21.213
1 21.260
2 21.401
3 22.023
4 22.627
5 22.804
6 23.431
7 23.601
8 24.042
9 24.739
10 25.495
11 26.306
12 27.166
13 28.071
14 29.017
15 29.069
16 30.017
17 30.067
18 31.016
19 31.016
20 31.016
21 31.145
22 31.257
23 31.401
24 32.249
25 32.388
26 32.558
27 33.377
28 33.541
29 33.734
30 34.525
31 34.713
32 35.511
33 35.511
34 35.355
35 35.355
36 36.222
37 36.222
38 36.346
39 37.216
40 37.216
41 36.056
42 36.125
43 36.125
44 36.125
45 36.125
46 36.125
47 36.222
48 37.121
49 37.216
50 38.118
51 38.210
52 39.115
53 39.205
54 40.112
55 40.112
56 40.112
57 40.311
58 41.195
59 41.195
60 42.107
61 42.190
62 43.105
63 43.105
64 43.290
65 44.181
66 44.181
67 45.100
68 45.100
69 45.398
70 46.098
71 46.390
72 46.390
73 46.390
74 46.530
75 47.381
76 47.381
77 47.381
78 48.260
79 48.374
80 48.374
81 49.254
82 49.254
83 49.254
84 49.497
85 49.649
86 49.820
87 50.636
88 50.990
89 51.010
90 51.196
91 51.971
92 52.010
93 52.393
94 52.393
95 53.009
96 53.009
97 52.773
98 52.773
99 52.953
100 53.759
101 53.935
102 54.745
103 54.745
104 54.918
105 55.731
106 56.569
107 56.719
108 57.559
109 57.559
110 57.559
111 57.559
112 56.921
113 56.921
114 57.567
115 57.871
116 58.189
117 58.822
118 59.135
119 59.775
120 59.775
121 59.775
122 60.440
123 60.729
124 61.400
125 61.400
126 62.097
127 62.817
128 63.063
129 63.789
130 63.789
131 63.789
132 64.537
133 64.537
134 64.537
135 64.560
136 65.253
137 65.521
138 65.803
139 66.483
140 66.761
141 67.446
142 68.154
143 68.154
144 68.884
145 68.884
146 68.884
147 69.635
148 69.857
149 69.857
150 70.093
151 70.831
152 70.831
153 70.831
154 71.589
155 72.035
156 72.035
157 71.840
158 72.567
159 72.780
160 73.546
161 73.546
162 73.763
163 74.525
164 74.726
165 75.432
166 75.690
167 75.961
168 76.655
169 76.922
170 77.621
171 77.621
172 77.621
173 77.621
174 77.621
175 77.621
176 77.621
177 77.885
178 78.160
179 77.492
180 77.492
181 77.201
182 76.922
183 76.922
184 77.026
185 77.078
186 77.524
187 77.897
188 78.390
189 78.390
190 78.892
191 79.259
192 79.756
193 79.756
194 80.262
195 80.623
196 80.623
197 81.006
198 81.492
199 81.884
200 82.298
201 82.765
202 82.765
203 83.187
204 83.648
205 84.119
206 84.599
207 85.000
208 85.000
209 85.235
210 85.755
211 85.755
212 85.755
213 86.093
214 86.608
215 86.954
216 87.132
217 87.132
218 87.367
219 87.367
220 87.920
221 88.482
222 88.482
223 89.051
224 89.308
225 89.588
226 89.627
227 90.211
228 90.443
229 91.022
230 91.263
231 91.263
232 91.263
233 91.263
234 91.263
235 91.837
236 92.201
237 91.608
238 91.400
239 91.831
240 92.455
241 92.617
242 93.236
243 93.236
244 93.600
245 94.202
246 94.202
247 94.202
248 94.366
249 94.810
250 94.810
251 95.268
252 95.131
253 95.131
254 95.016
255 95.671
256 95.671
257 96.333
258 96.426
259 97.082
260 97.185
261 97.837
262 97.837
263 97.949
264 98.412
265 98.494
266 99.156
267 99.156
268 99.825
269 99.825
270 100.499
271 100.568
272 100.568
273 101.178
274 101.178
275 101.178
276 101.178
277 101.178
278 101.178
279 101.178
280 101.178
281 101.178
282 101.178
283 101.178
284 101.178
285 101.178
286 101.178
287 101.178
288 101.178
289 101.178
290 101.178
291 101.178
292 101.178
293 101.178
294 101.178
295 101.178
296 101.178
297 101.178
298 101.178
299 101.178
3
0 21.213
1 20.518
2 21.213
3 21.260
4 21.260
5 21.260
6 21.401
7 22.023
8 22.204
9 22.204
10 22.204
11 22.204
12 22.627
13 22.672
14 23.345
15 23.431
16 24.083
17 24.759
18 24.839
19 25.495
20 25.612
21 26.249
22 26.401
23 26.907
24 27.586
25 27.586
26 28.284
27 28.601
28 29.000
29 29.069
30 29.206
31 29.833
32 30.000
33 30.610
34 31.241
35 31.401
36 32.016
37 32.650
38 32.802
39 33.422
40 34.059
41 34.205
42 34.205
43 34.059
44 34.713
45 34.828
46 35.468
47 35.609
48 36.235
49 36.235
50 36.878
51 37.537
52 37.643
53 38.288
54 38.949
55 39.051
56 39.699
57 40.361
58 40.460
59 41.110
60 41.773
61 41.869
62 42.521
63 43.186
64 43.278
65 43.932
66 43.932
67 43.863
68 43.932
69 43.863
70 43.863
71 44.045
72 44.102
73 44.418
74 44.944
75 45.000
76 45.607
77 46.228
78 46.615
79 46.872
80 47.434
81 47.707
82 48.010
83 48.600
84 48.600
85 49.204
86 49.820
87 50.000
88 50.606
89 51.225
90 51.225
91 51.856
92 52.010
93 52.631
94 52.631
95 52.010
96 52.631
97 52.697
98 53.254
99 53.339
100 53.413
101 53.907
102 54.037
103 54.672
104 54.818
105 55.444
106 56.080
107 56.080
108 56.727
109 56.851
110 57.489
111 57.489
112 57.489
113 58.138
114 58.258
115 58.898
116 58.898
117 59.548
118 59.666
119 60.308
120 60.308
121 60.959
122 61.620
123 61.620
124 61.741
125 62.241
126 62.650
127 62.650
128 63.159
129 63.253
130 63.411
131 64.031
132 64.203
133 64.815
134 64.815
135 65.299
136 65.437
137 66.068
138 66.212
139 66.708
140 66.708
141 67.231
142 67.357
143 67.535
144 68.118
145 68.425
146 68.884
147 69.527
148 69.527
149 70.178
150 70.385
151 70.937
152 70.937
153 71.589
154 71.701
155 72.346
156 72.471
157 72.471
158 72.835
159 73.246
160 73.553
161 74.027
162 74.653
163 74.813
164 75.432
165 75.604
166 76.217
167 76.837
168 77.006
169 77.621
170 78.243
171 78.409
172 79.025
173 79.025
174 79.649
175 79.812
176 80.430
177 80.430
178 81.056
179 81.216
180 81.835
181 82.006
182 82.620
183 83.241
184 83.409
185 84.024
186 84.646
187 84.646
188 85.000
189 85.000
190 85.000
191 85.604
192 85.802
193 86.400
194 87.006
195 87.201
196 87.801
197 88.408
198 88.408
199 88.600
200 88.814
201 89.404
202 89.627
203 90.211
204 90.443
205 91.022
206 91.263
207 91.608
208 91.837
209 92.418
210 92.418
211 93.005
212 93.005
213 93.005
214 93.005
215 93.236
216 93.408
217 94.202
218 94.810
219 94.810
220 93.723
221 94.366
222 94.366
223 94.260
224 94.366
225 95.016
226 95.016
227 95.671
228 95.671
229 95.671
230 95.776
231 96.426
232 96.426
233 97.082
234 97.185
235 97.837
236 97.949
237 98.595
238 99.247
239 99.247
240 99.247
241 99.247
242 99.247
243 99.825
244 100.499
245 100.568
246 100.568
247 100.568
248 101.237
249 101.237
250 101.912
251 101.912
252 101.912
253 102.591
254 102.591
255 103.276
256 103.276
257 103.276
258 103.276
259 103.966
260 103.966
261 103.966
262 103.966
263 103.966
264 103.947
265 103.966
266 104.661
267 105.361
268 105.361
269 105.361
270 105.361
271 105.361
272 105.361
273 106.066
274 105.361
275 105.361
276 105.361
277 105.361
278 105.361
279 105.361
280 105.361
281 105.361
282 105.361
283 105.361
284 106.066
285 105.361
286 105.361
287 105.361
288 105.361
289 105.361
290 105.361
291 105.361
292 105.361
293 105.361
294 105.361
295 105.361
296 106.066
297 104.652
298 104.661
299 104.661
1
0 20.518
1 21.213
2 21.260
3 21.260
4 21.401
5 21.213
6 20.809
7 20.809
8 21.260
9 21.401
10 21.633
11 21.633
12 22.204
13 22.023
14 22.023
15 22.472
16 22.825
17 22.825
18 22.825
19 22.825
20 22.825
21 22.825
22 23.259
23 23.259
24 23.259
25 20.616
26 20.248
27 20.616
28 20.809
29 20.809
30 21.401
31 21.633
32 22.204
33 22.472
34 22.804
35 23.022
36 23.324
37 23.854
38 24.187
39 24.698
40 24.698
41 25.239
42 25.554
43 25.554
44 25.612
45 25.612
46 26.249
47 26.249
48 26.401
49 26.627
50 27.203
51 27.459
52 27.459
53 28.018
54 28.302
55 28.425
56 28.601
57 28.601
58 29.206
59 29.206
60 29.206
61 29.732
62 29.530
63 28.653
64 29.155
65 29.530
66 29.833
67 29.732
68 30.414
69 30.414
70 30.480
71 30.610
72 30.610
73 30.610
74 30.610
75 31.145
76 31.241
77 31.401
78 32.016
79 32.016
80 32.202
81 32.802
82 32.757
83 32.802
84 32.016
85 32.202
86 32.016
87 31.765
88 32.249
89 32.757
90 31.241
91 31.241
92 31.401
93 31.401
94 31.623
95 31.906
96 32.450
97 32.450
98 33.015
99 33.287
100 33.838
101 34.132
102 34.409
103 34.670
104 34.986
105 35.511
106 35.847
107 36.359
108 36.359
109 36.715
110 37.216
111 37.590
112 37.590
113 37.590
114 37.590
115 37.590
116 37.590
117 37.590
118 37.590
119 37.590
120 30.463
121 31.016
122 31.016
123 31.385
124 31.953
125 32.311
126 32.311
127 31.953
128 32.311
129 32.202
130 32.650
131 32.650
132 32.650
133 32.249
134 31.385
135 28.792
136 28.792
137 28.460
138 24.759
139 25.456
140 25.495
141 25.612
142 26.249
143 26.401
144 27.019
145 27.203
146 27.803
147 28.018
148 28.601
149 28.844
150 29.411
151 29.682
152 30.232
153 30.529
154 31.064
155 31.385
156 31.906
157 32.249
158 32.757
159 33.121
160 33.615
161 34.000
162 34.482
163 34.886
164 35.355
165 35.777
166 35.847
167 36.235
168 36.674
169 37.121
170 37.577
171 37.121
172 37.577
173 38.013
174 38.484
175 38.484
176 38.910
177 39.395
178 39.812
179 40.311
180 40.311
181 40.719
182 40.311
183 40.311
184 39.812
185 38.626
186 39.217
187 39.217
188 39.217
189 39.217
190 39.217
191 39.217
192 39.850
193 40.162
194 40.804
195 41.110
196 41.761
197 42.059
198 42.720
199 43.012
200 43.681
201 43.966
202 44.643
203 44.922
204 45.607
205 45.607
206 45.880
207 46.573
208 46.840
209 47.539
210 47.802
211 48.508
212 48.508
213 48.508
214 48.270
215 48.765
216 48.508
217 48.104
218 48.466
219 49.031
220 49.031
221 48.847
222 49.396
223 49.396
224 49.396
225 49.659
226 50.090
227 50.090
228 50.120
229 50.567
230 51.000
231 51.478
232 50.606
233 51.108
234 50.774
235 51.108
236 51.624
237 51.971
238 52.355
239 49.820
240 49.649
241 50.090
242 50.090
243 50.090
244 50.090
245 50.537
246 50.990
247 50.990
248 51.478
249 51.478
250 51.884
251 51.884
252 51.478
253 51.884
254 51.478
255 51.884
256 51.884
257 52.355
258 51.971
259 52.355
260 52.773
261 53.235
262 52.839
263 52.839
264 53.339
265 53.712
266 53.339
267 53.712
268 53.339
269 53.712
270 53.339
271 53.712
272 53.339
273 53.712
274 54.332
275 54.120
276 54.818
277 54.818
278 55.082
279 55.785
280 55.082
281 55.785
282 55.082
283 55.785
284 54.818
285 54.818
286 54.818
287 54.818
288 54.818
289 54.818
290 54.818
291 54.818
292 54.818
293 54.818
294 54.818
295 54.818
296 54.818
297 54.818
298 54.818
299 54.818
1
0 19.105
1 16.643
2 17.000
3 17.000
4 17.000
5 17.000
6 17.000
7 17.000
8 0.000
9 0.000
10 0.000
11 0.000
12 0.000
13 0.000
14 0.000
15 0.000
16 0.000
17 0.000
18 0.000
19 0.000
20 0.000
21 0.000
22 0.000
23 0.000
24 0.000
25 0.000
26 0.000
27 0.000
28 0.000
29 0.000
30 0.000
31 0.000
32 0.000
33 0.000
34 0.000
35 0.000
36 0.000
37 0.000
38 0.000
39 0.000
40 0.000
41 0.000
42 0.000
43 0.000
44 0.000
45 0.000
46 0.000
47 0.000
48 0.000
49 0.000
50 0.000
51 0.000
52 0.000
53 0.000
54 0.000
55 0.000
56 0.000
57 0.000
58 0.000
59 0.000
60 0.000
61 0.000
62 0.000
63 0.000
64 0.000
65 0.000
66 0.000
67 0.000
68 0.000
69 0.000
70 0.000
71 0.000
72 0.000
73 0.000
74 0.000
75 0.000
76 0.000
77 0.000
78 0.000
79 0.000
80 0.000
81 0.000
82 0.000
83 0.000
84 0.000
85 0.000
86 0.000
87 0.000
88 0.000
89 0.000
90 0.000
91 0.000
92 0.000
93 0.000
94 0.000
95 0.000
96 0.000
97 0.000
98 0.000
99 0.000
100 0.000
101 0.000
102 0.000
103 0.000
104 0.000
105 0.000
106 0.000
107 0.000
108 0.000
109 0.000
110 0.000
111 0.000
112 0.000
113 0.000
114 0.000
115 0.000
116 0.000
117 0.000
118 0.000
119 0.000
120 0.000
121 0.000
122 0.000
123 0.000
124 0.000
125 0.000
126 0.000
127 0.000
128 0.000
129 0.000
130 0.000
131 0.000
132 0.000
133 0.000
134 0.000
135 0.000
136 0.000
137 0.000
138 0.000
139 0.000
140 0.000
141 0.000
142 0.000
143 0.000
144 0.000
145 0.000
146 0.000
147 0.000
148 0.000
149 0.000
150 0.000
151 0.000
152 0.000
153 0.000
154 0.000
155 0.000
156 0.000
157 0.000
158 0.000
159 0.000
160 0.000
161 0.000
162 0.000
163 0.000
164 0.000
165 0.000
166 0.000
167 0.000
168 0.000
169 0.000
170 0.000
171 0.000
172 0.000
173 0.000
174 0.000
175 0.000
176 0.000
177 0.000
178 0.000
179 0.000
180 0.000
181 0.000
182 0.000
183 0.000
184 0.000
185 0.000
186 0.000
187 0.000
188 0.000
189 0.000
190 0.000
191 0.000
192 0.000
193 0.000
194 0.000
195 0.000
196 0.000
197 0.000
198 0.000
199 0.000
200 0.000
201 0.000
202 0.000
203 0.000
204 0.000
205 0.000
206 0.000
207 0.000
208 0.000
209 0.000
210 0.000
211 0.000
212 0.000
213 0.000
214 0.000
215 0.000
216 0.000
217 0.000
218 0.000
219 0.000
220 0.000
221 0.000
222 0.000
223 0.000
224 0.000
225 0.000
226 0.000
227 0.000
228 0.000
229 0.000
230 0.000
231 0.000
232 0.000
233 0.000
234 0.000
235 0.000
236 0.000
237 0.000
238 0.000
239 0.000
240 0.000
241 0.000
242 0.000
243 0.000
244 0.000
245 0.000
246 0.000
247 0.000
248 0.000
249 0.000
250 0.000
251 0.000
252 0.000
253 0.000
254 0.000
255 0.000
256 0.000
257 0.000
258 0.000
259 0.000
260 0.000
261 0.000
262 0.000
263 0.000
264 0.000
265 0.000
266 0.000
267 0.000
268 0.000
269 0.000
270 0.000
271 0.000
272 0.000
273 0.000
274 0.000
275 0.000
276 0.000
277 0.000
278 0.000
279 0.000
280 0.000
281 0.000
282 0.000
283 0.000
284 0.000
285 0.000
286 0.000
287 0.000
288 0.000
289 0.000
290 0.000
291 0.000
292 0.000
293 0.000
294 0.000
295 0.000
296 0.000
297 0.000
298 0.000
299 0.000
