10.000 -0.048
10.000 -0.041
10.000 -0.029
10.000 -0.026
10.000 -0.049
10.000 -0.031
10.000 -0.048
10.000 -0.027
10.000 -0.053
10.000 -0.069
20.000 -0.135
20.000 -0.137
20.000 -0.146
20.000 -0.055
20.000 -0.101
20.000 -0.132
20.000 -0.080
20.000 -0.061
20.000 -0.124
20.000 -0.029
30.000 -0.028
30.000 -0.148
30.000 -0.068
30.000 -0.043
30.000 -0.133
30.000 -0.035
30.000 -0.010
30.000 -0.022
30.000 -0.037
30.000 -0.134
40.000 -0.122
40.000 -0.034
40.000 -0.018
40.000 -0.037
40.000 -0.099
40.000 -0.018
40.000 -0.033
40.000 -0.090
40.000 -0.028
40.000 -0.108
50.000 -0.019
50.000 -0.031
50.000 -0.027
50.000 -0.028
50.000 -0.021
50.000 -0.019
50.000 -0.036
50.000 -0.021
50.000 -0.024
50.000 0.227
60.000 -0.031
60.000 -0.022
60.000 -0.023
60.000 -0.022
60.000 -0.020
60.000 -0.093
60.000 -0.021
60.000 -0.029
60.000 -0.021
60.000 -0.029
70.000 -0.020
70.000 -0.018
70.000 -0.017
70.000 -0.018
70.000 -0.026
70.000 -0.023
70.000 -0.020
70.000 -0.019
70.000 -0.018
70.000 -0.032
80.000 -0.046
80.000 -0.015
80.000 -0.020
80.000 -0.018
80.000 -0.066
80.000 -0.014
80.000 -0.080
80.000 -0.029
80.000 -0.025
80.000 -0.025
90.000 -0.019
90.000 -0.030
90.000 -0.031
90.000 -0.013
90.000 -0.022
90.000 -0.015
90.000 -0.031
90.000 -0.017
90.000 -0.018
90.000 -0.020
100.000 -0.154
100.000 -0.154
100.000 -0.154
100.000 -0.154
100.000 -0.154
100.000 -0.154
100.000 -0.154
100.000 -0.154
100.000 -0.154
100.000 -0.154
10.000 -0.030
10.000 -0.026
10.000 -0.026
10.000 -0.026
10.000 -0.026
10.000 -0.028
10.000 -0.026
10.000 -0.026
10.000 -0.026
10.000 -0.026
20.000 -0.036
20.000 -0.035
20.000 -0.035
20.000 -0.031
20.000 -0.039
20.000 -0.031
20.000 -0.031
20.000 -0.032
20.000 -0.034
20.000 -0.031
30.000 -0.026
30.000 -0.030
30.000 -0.027
30.000 -0.028
30.000 -0.029
30.000 -0.024
30.000 -0.027
30.000 -0.028
30.000 -0.021
30.000 -0.028
40.000 -0.021
40.000 -0.020
40.000 -0.019
40.000 -0.022
40.000 -0.021
40.000 -0.021
40.000 -0.018
40.000 -0.018
40.000 -0.020
40.000 -0.021
50.000 -0.020
50.000 -0.020
50.000 -0.021
50.000 -0.021
50.000 -0.021
50.000 -0.020
50.000 -0.021
50.000 -0.021
50.000 -0.020
50.000 -0.021
60.000 -0.022
60.000 -0.021
60.000 -0.021
60.000 -0.022
60.000 -0.021
60.000 -0.021
60.000 -0.020
60.000 -0.022
60.000 -0.021
60.000 -0.022
70.000 -0.022
70.000 -0.021
70.000 -0.022
70.000 -0.022
70.000 -0.021
70.000 -0.021
70.000 -0.023
70.000 -0.022
70.000 -0.021
70.000 -0.021
80.000 -0.021
80.000 -0.022
80.000 -0.022
80.000 -0.022
80.000 -0.022
80.000 -0.022
80.000 -0.024
80.000 -0.022
80.000 -0.022
80.000 -0.023
90.000 -0.021
90.000 -0.021
90.000 -0.027
90.000 -0.026
90.000 -0.023
90.000 -0.021
90.000 -0.026
90.000 -0.022
90.000 -0.022
90.000 -0.022
100.000 -0.050
100.000 -0.050
100.000 -0.050
100.000 -0.050
100.000 -0.050
100.000 -0.050
100.000 -0.050
100.000 -0.050
100.000 -0.050
100.000 -0.050
10.000 -0.024
10.000 -0.090
10.000 -0.035
10.000 -0.080
10.000 -0.088
10.000 -0.104
10.000 -0.099
10.000 -0.030
10.000 -0.085
10.000 -0.081
20.000 -0.042
20.000 -0.058
20.000 -0.184
20.000 -0.167
20.000 -0.173
20.000 -0.181
20.000 -0.171
20.000 -0.155
20.000 -0.179
20.000 -0.174
30.000 -0.172
30.000 -0.168
30.000 -0.173
30.000 -0.024
30.000 -0.032
30.000 -0.190
30.000 -0.177
30.000 -0.024
30.000 -0.036
30.000 -0.010
40.000 -0.062
40.000 0.121
40.000 -0.021
40.000 -0.169
40.000 -0.161
40.000 -0.026
40.000 -0.059
40.000 -0.145
40.000 -0.125
40.000 -0.155
50.000 -0.114
50.000 -0.110
50.000 -0.033
50.000 -0.121
50.000 -0.098
50.000 -0.029
50.000 -0.058
50.000 -0.024
50.000 -0.038
50.000 -0.110
60.000 -0.089
60.000 -0.106
60.000 -0.106
60.000 -0.141
60.000 -0.016
60.000 -0.109
60.000 -0.019
60.000 -0.105
60.000 -0.101
60.000 -0.083
70.000 -0.053
70.000 -0.089
70.000 -0.018
70.000 -0.022
70.000 -0.096
70.000 -0.061
70.000 -0.018
70.000 -0.023
70.000 -0.079
70.000 -0.084
80.000 -0.018
80.000 -0.065
80.000 -0.047
80.000 -0.020
80.000 -0.066
80.000 -0.021
80.000 -0.021
80.000 -0.025
80.000 -0.066
80.000 -0.053
90.000 -0.019
90.000 -0.019
90.000 -0.020
90.000 -0.046
90.000 -0.040
90.000 -0.020
90.000 -0.020
90.000 -0.023
90.000 -0.055
90.000 -0.047
100.000 -0.026
100.000 -0.026
100.000 -0.026
100.000 -0.026
100.000 -0.026
100.000 -0.026
100.000 -0.026
100.000 -0.026
100.000 -0.026
100.000 -0.026
40.000 0.104
40.000 0.159
25.000 0.096
25.000 0.073
30.000 0.038
30.000 0.074
